1.111111 0.333333 -0.777778 0.000000 0.222222 -0.000000 -0.555556 -0.333333        0        0        0        0        0        0        0        0        0        0        0        0        0        0        0        0        0        0        0        0        0        0        0        0        0        0        0        0        0        0        0        0        0        0        0        0        0        0        0        0        0        0 
0.333333 1.111111 0.000000 0.222222 -0.000000 -0.777778 -0.333333 -0.555556        0        0        0        0        0        0        0        0        0        0        0        0        0        0        0        0        0        0        0        0        0        0        0        0        0        0        0        0        0        0        0        0        0        0        0        0        0        0        0        0        0        0 
-0.777778 0.000000 2.222222 0.000000 -0.555556 0.333333 0.444444 -0.000000 -0.777778 0.000000 -0.555556 -0.333333        0        0        0        0        0        0        0        0        0        0        0        0        0        0        0        0        0        0        0        0        0        0        0        0        0        0        0        0        0        0        0        0        0        0        0        0        0        0 
0.000000 0.222222 0.000000 2.222222 0.333333 -0.555556 -0.000000 -1.555556 0.000000 0.222222 -0.333333 -0.555556        0        0        0        0        0        0        0        0        0        0        0        0        0        0        0        0        0        0        0        0        0        0        0        0        0        0        0        0        0        0        0        0        0        0        0        0        0        0 
0.222222 -0.000000 -0.555556 0.333333 2.222222 0.000000 -1.555556 0.000000        0        0        0        0 0.222222 -0.000000 -0.555556 -0.333333        0        0        0        0        0        0        0        0        0        0        0        0        0        0        0        0        0        0        0        0        0        0        0        0        0        0        0        0        0        0        0        0        0        0 
-0.000000 -0.777778 0.333333 -0.555556 0.000000 2.222222 0.000000 0.444444        0        0        0        0 -0.000000 -0.777778 -0.333333 -0.555556        0        0        0        0        0        0        0        0        0        0        0        0        0        0        0        0        0        0        0        0        0        0        0        0        0        0        0        0        0        0        0        0        0        0 
-0.555556 -0.333333 0.444444 -0.000000 -1.555556 0.000000 4.444444 0.000000 -0.555556 0.333333 -1.555556 0.000000 -0.555556 0.333333 0.444444 -0.000000 -0.555556 -0.333333        0        0        0        0        0        0        0        0        0        0        0        0        0        0        0        0        0        0        0        0        0        0        0        0        0        0        0        0        0        0        0        0 
-0.333333 -0.555556 -0.000000 -1.555556 0.000000 0.444444 0.000000 4.444444 0.333333 -0.555556 0.000000 0.444444 0.333333 -0.555556 -0.000000 -1.555556 -0.333333 -0.555556        0        0        0        0        0        0        0        0        0        0        0        0        0        0        0        0        0        0        0        0        0        0        0        0        0        0        0        0        0        0        0        0 
       0        0 -0.777778 0.000000        0        0 -0.555556 0.333333 2.222222 0.000000 0.444444 -0.000000        0        0        0        0        0        0 -0.777778 0.000000 -0.555556 -0.333333        0        0        0        0        0        0        0        0        0        0        0        0        0        0        0        0        0        0        0        0        0        0        0        0        0        0        0        0 
       0        0 0.000000 0.222222        0        0 0.333333 -0.555556 0.000000 2.222222 -0.000000 -1.555556        0        0        0        0        0        0 0.000000 0.222222 -0.333333 -0.555556        0        0        0        0        0        0        0        0        0        0        0        0        0        0        0        0        0        0        0        0        0        0        0        0        0        0        0        0 
       0        0 -0.555556 -0.333333        0        0 -1.555556 0.000000 0.444444 -0.000000 4.444444 0.000000        0        0 -0.555556 0.333333 0.444444 -0.000000 -0.555556 0.333333 -1.555556 0.000000        0        0        0        0 -0.555556 -0.333333        0        0        0        0        0        0        0        0        0        0        0        0        0        0        0        0        0        0        0        0        0        0 
       0        0 -0.333333 -0.555556        0        0 0.000000 0.444444 -0.000000 -1.555556 0.000000 4.444444        0        0 0.333333 -0.555556 -0.000000 -1.555556 0.333333 -0.555556 0.000000 0.444444        0        0        0        0 -0.333333 -0.555556        0        0        0        0        0        0        0        0        0        0        0        0        0        0        0        0        0        0        0        0        0        0 
       0        0        0        0 0.222222 -0.000000 -0.555556 0.333333        0        0        0        0 2.222222 0.000000 -1.555556 0.000000        0        0        0        0        0        0        0        0        0        0        0        0        0        0 0.222222 -0.000000 -0.555556 -0.333333        0        0        0        0        0        0        0        0        0        0        0        0        0        0        0        0 
       0        0        0        0 -0.000000 -0.777778 0.333333 -0.555556        0        0        0        0 0.000000 2.222222 0.000000 0.444444        0        0        0        0        0        0        0        0        0        0        0        0        0        0 -0.000000 -0.777778 -0.333333 -0.555556        0        0        0        0        0        0        0        0        0        0        0        0        0        0        0        0 
       0        0        0        0 -0.555556 -0.333333 0.444444 -0.000000        0        0 -0.555556 0.333333 -1.555556 0.000000 4.444444 0.000000 -1.555556 0.000000        0        0        0        0        0        0        0        0        0        0        0        0 -0.555556 0.333333 0.444444 -0.000000 -0.555556 -0.333333        0        0        0        0        0        0        0        0        0        0        0        0        0        0 
       0        0        0        0 -0.333333 -0.555556 -0.000000 -1.555556        0        0 0.333333 -0.555556 0.000000 0.444444 0.000000 4.444444 0.000000 0.444444        0        0        0        0        0        0        0        0        0        0        0        0 0.333333 -0.555556 -0.000000 -1.555556 -0.333333 -0.555556        0        0        0        0        0        0        0        0        0        0        0        0        0        0 
       0        0        0        0        0        0 -0.555556 -0.333333        0        0 0.444444 -0.000000        0        0 -1.555556 0.000000 4.444444 0.000000        0        0 -0.555556 0.333333        0        0        0        0 -1.555556 0.000000        0        0        0        0 -0.555556 0.333333 0.444444 -0.000000        0        0        0        0        0        0 -0.555556 -0.333333        0        0        0        0        0        0 
       0        0        0        0        0        0 -0.333333 -0.555556        0        0 -0.000000 -1.555556        0        0 0.000000 0.444444 0.000000 4.444444        0        0 0.333333 -0.555556        0        0        0        0 0.000000 0.444444        0        0        0        0 0.333333 -0.555556 -0.000000 -1.555556        0        0        0        0        0        0 -0.333333 -0.555556        0        0        0        0        0        0 
       0        0        0        0        0        0        0        0 -0.777778 0.000000 -0.555556 0.333333        0        0        0        0        0        0 2.222222 0.000000 0.444444 -0.000000 -0.777778 0.000000 -0.555556 -0.333333        0        0        0        0        0        0        0        0        0        0        0        0        0        0        0        0        0        0        0        0        0        0        0        0 
       0        0        0        0        0        0        0        0 0.000000 0.222222 0.333333 -0.555556        0        0        0        0        0        0 0.000000 2.222222 -0.000000 -1.555556 0.000000 0.222222 -0.333333 -0.555556        0        0        0        0        0        0        0        0        0        0        0        0        0        0        0        0        0        0        0        0        0        0        0        0 
       0        0        0        0        0        0        0        0 -0.555556 -0.333333 -1.555556 0.000000        0        0        0        0 -0.555556 0.333333 0.444444 -0.000000 4.444444 0.000000 -0.555556 0.333333 -1.555556 0.000000 0.444444 -0.000000 -0.555556 -0.333333        0        0        0        0        0        0        0        0        0        0        0        0        0        0        0        0        0        0        0        0 
       0        0        0        0        0        0        0        0 -0.333333 -0.555556 0.000000 0.444444        0        0        0        0 0.333333 -0.555556 -0.000000 -1.555556 0.000000 4.444444 0.333333 -0.555556 0.000000 0.444444 -0.000000 -1.555556 -0.333333 -0.555556        0        0        0        0        0        0        0        0        0        0        0        0        0        0        0        0        0        0        0        0 
       0        0        0        0        0        0        0        0        0        0        0        0        0        0        0        0        0        0 -0.777778 0.000000 -0.555556 0.333333 1.111111 -0.333333 0.222222 0.000000        0        0        0        0        0        0        0        0        0        0        0        0        0        0        0        0        0        0        0        0        0        0        0        0 
       0        0        0        0        0        0        0        0        0        0        0        0        0        0        0        0        0        0 0.000000 0.222222 0.333333 -0.555556 -0.333333 1.111111 0.000000 -0.777778        0        0        0        0        0        0        0        0        0        0        0        0        0        0        0        0        0        0        0        0        0        0        0        0 
       0        0        0        0        0        0        0        0        0        0        0        0        0        0        0        0        0        0 -0.555556 -0.333333 -1.555556 0.000000 0.222222 0.000000 2.222222 0.000000 -0.555556 0.333333 0.222222 0.000000        0        0        0        0        0        0        0        0        0        0        0        0        0        0        0        0        0        0        0        0 
       0        0        0        0        0        0        0        0        0        0        0        0        0        0        0        0        0        0 -0.333333 -0.555556 0.000000 0.444444 0.000000 -0.777778 0.000000 2.222222 0.333333 -0.555556 0.000000 -0.777778        0        0        0        0        0        0        0        0        0        0        0        0        0        0        0        0        0        0        0        0 
       0        0        0        0        0        0        0        0        0        0 -0.555556 -0.333333        0        0        0        0 -1.555556 0.000000        0        0 0.444444 -0.000000        0        0 -0.555556 0.333333 4.444444 0.000000 -1.555556 0.000000        0        0        0        0 -0.555556 0.333333        0        0        0        0        0        0 0.444444 -0.000000 -0.555556 -0.333333        0        0        0        0 
       0        0        0        0        0        0        0        0        0        0 -0.333333 -0.555556        0        0        0        0 0.000000 0.444444        0        0 -0.000000 -1.555556        0        0 0.333333 -0.555556 0.000000 4.444444 0.000000 0.444444        0        0        0        0 0.333333 -0.555556        0        0        0        0        0        0 -0.000000 -1.555556 -0.333333 -0.555556        0        0        0        0 
       0        0        0        0        0        0        0        0        0        0        0        0        0        0        0        0        0        0        0        0 -0.555556 -0.333333        0        0 0.222222 0.000000 -1.555556 0.000000 2.222222 0.000000        0        0        0        0        0        0        0        0        0        0        0        0 -0.555556 0.333333 0.222222 0.000000        0        0        0        0 
       0        0        0        0        0        0        0        0        0        0        0        0        0        0        0        0        0        0        0        0 -0.333333 -0.555556        0        0 0.000000 -0.777778 0.000000 0.444444 0.000000 2.222222        0        0        0        0        0        0        0        0        0        0        0        0 0.333333 -0.555556 0.000000 -0.777778        0        0        0        0 
       0        0        0        0        0        0        0        0        0        0        0        0 0.222222 -0.000000 -0.555556 0.333333        0        0        0        0        0        0        0        0        0        0        0        0        0        0 2.222222 0.000000 -1.555556 0.000000        0        0 0.222222 -0.000000 -0.555556 -0.333333        0        0        0        0        0        0        0        0        0        0 
       0        0        0        0        0        0        0        0        0        0        0        0 -0.000000 -0.777778 0.333333 -0.555556        0        0        0        0        0        0        0        0        0        0        0        0        0        0 0.000000 2.222222 0.000000 0.444444        0        0 -0.000000 -0.777778 -0.333333 -0.555556        0        0        0        0        0        0        0        0        0        0 
       0        0        0        0        0        0        0        0        0        0        0        0 -0.555556 -0.333333 0.444444 -0.000000 -0.555556 0.333333        0        0        0        0        0        0        0        0        0        0        0        0 -1.555556 0.000000 4.444444 0.000000 -1.555556 0.000000 -0.555556 0.333333 0.444444 -0.000000 -0.555556 -0.333333        0        0        0        0        0        0        0        0 
       0        0        0        0        0        0        0        0        0        0        0        0 -0.333333 -0.555556 -0.000000 -1.555556 0.333333 -0.555556        0        0        0        0        0        0        0        0        0        0        0        0 0.000000 0.444444 0.000000 4.444444 0.000000 0.444444 0.333333 -0.555556 -0.000000 -1.555556 -0.333333 -0.555556        0        0        0        0        0        0        0        0 
       0        0        0        0        0        0        0        0        0        0        0        0        0        0 -0.555556 -0.333333 0.444444 -0.000000        0        0        0        0        0        0        0        0 -0.555556 0.333333        0        0        0        0 -1.555556 0.000000 4.444444 0.000000        0        0 -0.555556 0.333333 0.444444 -0.000000 -1.555556 0.000000        0        0 -0.555556 -0.333333        0        0 
       0        0        0        0        0        0        0        0        0        0        0        0        0        0 -0.333333 -0.555556 -0.000000 -1.555556        0        0        0        0        0        0        0        0 0.333333 -0.555556        0        0        0        0 0.000000 0.444444 0.000000 4.444444        0        0 0.333333 -0.555556 -0.000000 -1.555556 0.000000 0.444444        0        0 -0.333333 -0.555556        0        0 
       0        0        0        0        0        0        0        0        0        0        0        0        0        0        0        0        0        0        0        0        0        0        0        0        0        0        0        0        0        0 0.222222 -0.000000 -0.555556 0.333333        0        0 1.111111 -0.333333 -0.777778 0.000000        0        0        0        0        0        0        0        0        0        0 
       0        0        0        0        0        0        0        0        0        0        0        0        0        0        0        0        0        0        0        0        0        0        0        0        0        0        0        0        0        0 -0.000000 -0.777778 0.333333 -0.555556        0        0 -0.333333 1.111111 0.000000 0.222222        0        0        0        0        0        0        0        0        0        0 
       0        0        0        0        0        0        0        0        0        0        0        0        0        0        0        0        0        0        0        0        0        0        0        0        0        0        0        0        0        0 -0.555556 -0.333333 0.444444 -0.000000 -0.555556 0.333333 -0.777778 0.000000 2.222222 0.000000 -0.777778 0.000000        0        0        0        0        0        0        0        0 
       0        0        0        0        0        0        0        0        0        0        0        0        0        0        0        0        0        0        0        0        0        0        0        0        0        0        0        0        0        0 -0.333333 -0.555556 -0.000000 -1.555556 0.333333 -0.555556 0.000000 0.222222 0.000000 2.222222 0.000000 0.222222        0        0        0        0        0        0        0        0 
       0        0        0        0        0        0        0        0        0        0        0        0        0        0        0        0        0        0        0        0        0        0        0        0        0        0        0        0        0        0        0        0 -0.555556 -0.333333 0.444444 -0.000000        0        0 -0.777778 0.000000 2.222222 0.000000 -0.555556 0.333333        0        0 -0.777778 0.000000        0        0 
       0        0        0        0        0        0        0        0        0        0        0        0        0        0        0        0        0        0        0        0        0        0        0        0        0        0        0        0        0        0        0        0 -0.333333 -0.555556 -0.000000 -1.555556        0        0 0.000000 0.222222 0.000000 2.222222 0.333333 -0.555556        0        0 0.000000 0.222222        0        0 
       0        0        0        0        0        0        0        0        0        0        0        0        0        0        0        0 -0.555556 -0.333333        0        0        0        0        0        0        0        0 0.444444 -0.000000 -0.555556 0.333333        0        0        0        0 -1.555556 0.000000        0        0        0        0 -0.555556 0.333333 4.444444 0.000000 -1.555556 0.000000 0.444444 -0.000000 -0.555556 -0.333333 
       0        0        0        0        0        0        0        0        0        0        0        0        0        0        0        0 -0.333333 -0.555556        0        0        0        0        0        0        0        0 -0.000000 -1.555556 0.333333 -0.555556        0        0        0        0 0.000000 0.444444        0        0        0        0 0.333333 -0.555556 0.000000 4.444444 0.000000 0.444444 -0.000000 -1.555556 -0.333333 -0.555556 
       0        0        0        0        0        0        0        0        0        0        0        0        0        0        0        0        0        0        0        0        0        0        0        0        0        0 -0.555556 -0.333333 0.222222 0.000000        0        0        0        0        0        0        0        0        0        0        0        0 -1.555556 0.000000 2.222222 0.000000 -0.555556 0.333333 0.222222 0.000000 
       0        0        0        0        0        0        0        0        0        0        0        0        0        0        0        0        0        0        0        0        0        0        0        0        0        0 -0.333333 -0.555556 0.000000 -0.777778        0        0        0        0        0        0        0        0        0        0        0        0 0.000000 0.444444 0.000000 2.222222 0.333333 -0.555556 0.000000 -0.777778 
       0        0        0        0        0        0        0        0        0        0        0        0        0        0        0        0        0        0        0        0        0        0        0        0        0        0        0        0        0        0        0        0        0        0 -0.555556 -0.333333        0        0        0        0 -0.777778 0.000000 0.444444 -0.000000 -0.555556 0.333333 2.222222 0.000000 -0.777778 0.000000 
       0        0        0        0        0        0        0        0        0        0        0        0        0        0        0        0        0        0        0        0        0        0        0        0        0        0        0        0        0        0        0        0        0        0 -0.333333 -0.555556        0        0        0        0 0.000000 0.222222 -0.000000 -1.555556 0.333333 -0.555556 0.000000 2.222222 0.000000 0.222222 
       0        0        0        0        0        0        0        0        0        0        0        0        0        0        0        0        0        0        0        0        0        0        0        0        0        0        0        0        0        0        0        0        0        0        0        0        0        0        0        0        0        0 -0.555556 -0.333333 0.222222 0.000000 -0.777778 0.000000 1.111111 0.333333 
       0        0        0        0        0        0        0        0        0        0        0        0        0        0        0        0        0        0        0        0        0        0        0        0        0        0        0        0        0        0        0        0        0        0        0        0        0        0        0        0        0        0 -0.333333 -0.555556 0.000000 -0.777778 0.000000 0.222222 0.333333 1.111111 
