0.027778 0.027778 0.013889 0.013889 0.013889 0.013889 0.006944 0.006944        0        0        0        0        0        0        0        0        0        0        0        0        0        0        0        0        0        0        0        0        0        0        0        0        0        0        0        0        0        0        0        0        0        0        0        0        0        0        0        0        0        0 
0.027778 0.027778 0.013889 0.013889 0.013889 0.013889 0.006944 0.006944        0        0        0        0        0        0        0        0        0        0        0        0        0        0        0        0        0        0        0        0        0        0        0        0        0        0        0        0        0        0        0        0        0        0        0        0        0        0        0        0        0        0 
0.013889 0.013889 0.055556 0.055556 0.006944 0.006944 0.027778 0.027778 0.013889 0.013889 0.006944 0.006944        0        0        0        0        0        0        0        0        0        0        0        0        0        0        0        0        0        0        0        0        0        0        0        0        0        0        0        0        0        0        0        0        0        0        0        0        0        0 
0.013889 0.013889 0.055556 0.055556 0.006944 0.006944 0.027778 0.027778 0.013889 0.013889 0.006944 0.006944        0        0        0        0        0        0        0        0        0        0        0        0        0        0        0        0        0        0        0        0        0        0        0        0        0        0        0        0        0        0        0        0        0        0        0        0        0        0 
0.013889 0.013889 0.006944 0.006944 0.055556 0.055556 0.027778 0.027778        0        0        0        0 0.013889 0.013889 0.006944 0.006944        0        0        0        0        0        0        0        0        0        0        0        0        0        0        0        0        0        0        0        0        0        0        0        0        0        0        0        0        0        0        0        0        0        0 
0.013889 0.013889 0.006944 0.006944 0.055556 0.055556 0.027778 0.027778        0        0        0        0 0.013889 0.013889 0.006944 0.006944        0        0        0        0        0        0        0        0        0        0        0        0        0        0        0        0        0        0        0        0        0        0        0        0        0        0        0        0        0        0        0        0        0        0 
0.006944 0.006944 0.027778 0.027778 0.027778 0.027778 0.111111 0.111111 0.006944 0.006944 0.027778 0.027778 0.006944 0.006944 0.027778 0.027778 0.006944 0.006944        0        0        0        0        0        0        0        0        0        0        0        0        0        0        0        0        0        0        0        0        0        0        0        0        0        0        0        0        0        0        0        0 
0.006944 0.006944 0.027778 0.027778 0.027778 0.027778 0.111111 0.111111 0.006944 0.006944 0.027778 0.027778 0.006944 0.006944 0.027778 0.027778 0.006944 0.006944        0        0        0        0        0        0        0        0        0        0        0        0        0        0        0        0        0        0        0        0        0        0        0        0        0        0        0        0        0        0        0        0 
       0        0 0.013889 0.013889        0        0 0.006944 0.006944 0.055556 0.055556 0.027778 0.027778        0        0        0        0        0        0 0.013889 0.013889 0.006944 0.006944        0        0        0        0        0        0        0        0        0        0        0        0        0        0        0        0        0        0        0        0        0        0        0        0        0        0        0        0 
       0        0 0.013889 0.013889        0        0 0.006944 0.006944 0.055556 0.055556 0.027778 0.027778        0        0        0        0        0        0 0.013889 0.013889 0.006944 0.006944        0        0        0        0        0        0        0        0        0        0        0        0        0        0        0        0        0        0        0        0        0        0        0        0        0        0        0        0 
       0        0 0.006944 0.006944        0        0 0.027778 0.027778 0.027778 0.027778 0.111111 0.111111        0        0 0.006944 0.006944 0.027778 0.027778 0.006944 0.006944 0.027778 0.027778        0        0        0        0 0.006944 0.006944        0        0        0        0        0        0        0        0        0        0        0        0        0        0        0        0        0        0        0        0        0        0 
       0        0 0.006944 0.006944        0        0 0.027778 0.027778 0.027778 0.027778 0.111111 0.111111        0        0 0.006944 0.006944 0.027778 0.027778 0.006944 0.006944 0.027778 0.027778        0        0        0        0 0.006944 0.006944        0        0        0        0        0        0        0        0        0        0        0        0        0        0        0        0        0        0        0        0        0        0 
       0        0        0        0 0.013889 0.013889 0.006944 0.006944        0        0        0        0 0.055556 0.055556 0.027778 0.027778        0        0        0        0        0        0        0        0        0        0        0        0        0        0 0.013889 0.013889 0.006944 0.006944        0        0        0        0        0        0        0        0        0        0        0        0        0        0        0        0 
       0        0        0        0 0.013889 0.013889 0.006944 0.006944        0        0        0        0 0.055556 0.055556 0.027778 0.027778        0        0        0        0        0        0        0        0        0        0        0        0        0        0 0.013889 0.013889 0.006944 0.006944        0        0        0        0        0        0        0        0        0        0        0        0        0        0        0        0 
       0        0        0        0 0.006944 0.006944 0.027778 0.027778        0        0 0.006944 0.006944 0.027778 0.027778 0.111111 0.111111 0.027778 0.027778        0        0        0        0        0        0        0        0        0        0        0        0 0.006944 0.006944 0.027778 0.027778 0.006944 0.006944        0        0        0        0        0        0        0        0        0        0        0        0        0        0 
       0        0        0        0 0.006944 0.006944 0.027778 0.027778        0        0 0.006944 0.006944 0.027778 0.027778 0.111111 0.111111 0.027778 0.027778        0        0        0        0        0        0        0        0        0        0        0        0 0.006944 0.006944 0.027778 0.027778 0.006944 0.006944        0        0        0        0        0        0        0        0        0        0        0        0        0        0 
       0        0        0        0        0        0 0.006944 0.006944        0        0 0.027778 0.027778        0        0 0.027778 0.027778 0.111111 0.111111        0        0 0.006944 0.006944        0        0        0        0 0.027778 0.027778        0        0        0        0 0.006944 0.006944 0.027778 0.027778        0        0        0        0        0        0 0.006944 0.006944        0        0        0        0        0        0 
       0        0        0        0        0        0 0.006944 0.006944        0        0 0.027778 0.027778        0        0 0.027778 0.027778 0.111111 0.111111        0        0 0.006944 0.006944        0        0        0        0 0.027778 0.027778        0        0        0        0 0.006944 0.006944 0.027778 0.027778        0        0        0        0        0        0 0.006944 0.006944        0        0        0        0        0        0 
       0        0        0        0        0        0        0        0 0.013889 0.013889 0.006944 0.006944        0        0        0        0        0        0 0.055556 0.055556 0.027778 0.027778 0.013889 0.013889 0.006944 0.006944        0        0        0        0        0        0        0        0        0        0        0        0        0        0        0        0        0        0        0        0        0        0        0        0 
       0        0        0        0        0        0        0        0 0.013889 0.013889 0.006944 0.006944        0        0        0        0        0        0 0.055556 0.055556 0.027778 0.027778 0.013889 0.013889 0.006944 0.006944        0        0        0        0        0        0        0        0        0        0        0        0        0        0        0        0        0        0        0        0        0        0        0        0 
       0        0        0        0        0        0        0        0 0.006944 0.006944 0.027778 0.027778        0        0        0        0 0.006944 0.006944 0.027778 0.027778 0.111111 0.111111 0.006944 0.006944 0.027778 0.027778 0.027778 0.027778 0.006944 0.006944        0        0        0        0        0        0        0        0        0        0        0        0        0        0        0        0        0        0        0        0 
       0        0        0        0        0        0        0        0 0.006944 0.006944 0.027778 0.027778        0        0        0        0 0.006944 0.006944 0.027778 0.027778 0.111111 0.111111 0.006944 0.006944 0.027778 0.027778 0.027778 0.027778 0.006944 0.006944        0        0        0        0        0        0        0        0        0        0        0        0        0        0        0        0        0        0        0        0 
       0        0        0        0        0        0        0        0        0        0        0        0        0        0        0        0        0        0 0.013889 0.013889 0.006944 0.006944 0.027778 0.027778 0.013889 0.013889        0        0        0        0        0        0        0        0        0        0        0        0        0        0        0        0        0        0        0        0        0        0        0        0 
       0        0        0        0        0        0        0        0        0        0        0        0        0        0        0        0        0        0 0.013889 0.013889 0.006944 0.006944 0.027778 0.027778 0.013889 0.013889        0        0        0        0        0        0        0        0        0        0        0        0        0        0        0        0        0        0        0        0        0        0        0        0 
       0        0        0        0        0        0        0        0        0        0        0        0        0        0        0        0        0        0 0.006944 0.006944 0.027778 0.027778 0.013889 0.013889 0.055556 0.055556 0.006944 0.006944 0.013889 0.013889        0        0        0        0        0        0        0        0        0        0        0        0        0        0        0        0        0        0        0        0 
       0        0        0        0        0        0        0        0        0        0        0        0        0        0        0        0        0        0 0.006944 0.006944 0.027778 0.027778 0.013889 0.013889 0.055556 0.055556 0.006944 0.006944 0.013889 0.013889        0        0        0        0        0        0        0        0        0        0        0        0        0        0        0        0        0        0        0        0 
       0        0        0        0        0        0        0        0        0        0 0.006944 0.006944        0        0        0        0 0.027778 0.027778        0        0 0.027778 0.027778        0        0 0.006944 0.006944 0.111111 0.111111 0.027778 0.027778        0        0        0        0 0.006944 0.006944        0        0        0        0        0        0 0.027778 0.027778 0.006944 0.006944        0        0        0        0 
       0        0        0        0        0        0        0        0        0        0 0.006944 0.006944        0        0        0        0 0.027778 0.027778        0        0 0.027778 0.027778        0        0 0.006944 0.006944 0.111111 0.111111 0.027778 0.027778        0        0        0        0 0.006944 0.006944        0        0        0        0        0        0 0.027778 0.027778 0.006944 0.006944        0        0        0        0 
       0        0        0        0        0        0        0        0        0        0        0        0        0        0        0        0        0        0        0        0 0.006944 0.006944        0        0 0.013889 0.013889 0.027778 0.027778 0.055556 0.055556        0        0        0        0        0        0        0        0        0        0        0        0 0.006944 0.006944 0.013889 0.013889        0        0        0        0 
       0        0        0        0        0        0        0        0        0        0        0        0        0        0        0        0        0        0        0        0 0.006944 0.006944        0        0 0.013889 0.013889 0.027778 0.027778 0.055556 0.055556        0        0        0        0        0        0        0        0        0        0        0        0 0.006944 0.006944 0.013889 0.013889        0        0        0        0 
       0        0        0        0        0        0        0        0        0        0        0        0 0.013889 0.013889 0.006944 0.006944        0        0        0        0        0        0        0        0        0        0        0        0        0        0 0.055556 0.055556 0.027778 0.027778        0        0 0.013889 0.013889 0.006944 0.006944        0        0        0        0        0        0        0        0        0        0 
       0        0        0        0        0        0        0        0        0        0        0        0 0.013889 0.013889 0.006944 0.006944        0        0        0        0        0        0        0        0        0        0        0        0        0        0 0.055556 0.055556 0.027778 0.027778        0        0 0.013889 0.013889 0.006944 0.006944        0        0        0        0        0        0        0        0        0        0 
       0        0        0        0        0        0        0        0        0        0        0        0 0.006944 0.006944 0.027778 0.027778 0.006944 0.006944        0        0        0        0        0        0        0        0        0        0        0        0 0.027778 0.027778 0.111111 0.111111 0.027778 0.027778 0.006944 0.006944 0.027778 0.027778 0.006944 0.006944        0        0        0        0        0        0        0        0 
       0        0        0        0        0        0        0        0        0        0        0        0 0.006944 0.006944 0.027778 0.027778 0.006944 0.006944        0        0        0        0        0        0        0        0        0        0        0        0 0.027778 0.027778 0.111111 0.111111 0.027778 0.027778 0.006944 0.006944 0.027778 0.027778 0.006944 0.006944        0        0        0        0        0        0        0        0 
       0        0        0        0        0        0        0        0        0        0        0        0        0        0 0.006944 0.006944 0.027778 0.027778        0        0        0        0        0        0        0        0 0.006944 0.006944        0        0        0        0 0.027778 0.027778 0.111111 0.111111        0        0 0.006944 0.006944 0.027778 0.027778 0.027778 0.027778        0        0 0.006944 0.006944        0        0 
       0        0        0        0        0        0        0        0        0        0        0        0        0        0 0.006944 0.006944 0.027778 0.027778        0        0        0        0        0        0        0        0 0.006944 0.006944        0        0        0        0 0.027778 0.027778 0.111111 0.111111        0        0 0.006944 0.006944 0.027778 0.027778 0.027778 0.027778        0        0 0.006944 0.006944        0        0 
       0        0        0        0        0        0        0        0        0        0        0        0        0        0        0        0        0        0        0        0        0        0        0        0        0        0        0        0        0        0 0.013889 0.013889 0.006944 0.006944        0        0 0.027778 0.027778 0.013889 0.013889        0        0        0        0        0        0        0        0        0        0 
       0        0        0        0        0        0        0        0        0        0        0        0        0        0        0        0        0        0        0        0        0        0        0        0        0        0        0        0        0        0 0.013889 0.013889 0.006944 0.006944        0        0 0.027778 0.027778 0.013889 0.013889        0        0        0        0        0        0        0        0        0        0 
       0        0        0        0        0        0        0        0        0        0        0        0        0        0        0        0        0        0        0        0        0        0        0        0        0        0        0        0        0        0 0.006944 0.006944 0.027778 0.027778 0.006944 0.006944 0.013889 0.013889 0.055556 0.055556 0.013889 0.013889        0        0        0        0        0        0        0        0 
       0        0        0        0        0        0        0        0        0        0        0        0        0        0        0        0        0        0        0        0        0        0        0        0        0        0        0        0        0        0 0.006944 0.006944 0.027778 0.027778 0.006944 0.006944 0.013889 0.013889 0.055556 0.055556 0.013889 0.013889        0        0        0        0        0        0        0        0 
       0        0        0        0        0        0        0        0        0        0        0        0        0        0        0        0        0        0        0        0        0        0        0        0        0        0        0        0        0        0        0        0 0.006944 0.006944 0.027778 0.027778        0        0 0.013889 0.013889 0.055556 0.055556 0.006944 0.006944        0        0 0.013889 0.013889        0        0 
       0        0        0        0        0        0        0        0        0        0        0        0        0        0        0        0        0        0        0        0        0        0        0        0        0        0        0        0        0        0        0        0 0.006944 0.006944 0.027778 0.027778        0        0 0.013889 0.013889 0.055556 0.055556 0.006944 0.006944        0        0 0.013889 0.013889        0        0 
       0        0        0        0        0        0        0        0        0        0        0        0        0        0        0        0 0.006944 0.006944        0        0        0        0        0        0        0        0 0.027778 0.027778 0.006944 0.006944        0        0        0        0 0.027778 0.027778        0        0        0        0 0.006944 0.006944 0.111111 0.111111 0.027778 0.027778 0.027778 0.027778 0.006944 0.006944 
       0        0        0        0        0        0        0        0        0        0        0        0        0        0        0        0 0.006944 0.006944        0        0        0        0        0        0        0        0 0.027778 0.027778 0.006944 0.006944        0        0        0        0 0.027778 0.027778        0        0        0        0 0.006944 0.006944 0.111111 0.111111 0.027778 0.027778 0.027778 0.027778 0.006944 0.006944 
       0        0        0        0        0        0        0        0        0        0        0        0        0        0        0        0        0        0        0        0        0        0        0        0        0        0 0.006944 0.006944 0.013889 0.013889        0        0        0        0        0        0        0        0        0        0        0        0 0.027778 0.027778 0.055556 0.055556 0.006944 0.006944 0.013889 0.013889 
       0        0        0        0        0        0        0        0        0        0        0        0        0        0        0        0        0        0        0        0        0        0        0        0        0        0 0.006944 0.006944 0.013889 0.013889        0        0        0        0        0        0        0        0        0        0        0        0 0.027778 0.027778 0.055556 0.055556 0.006944 0.006944 0.013889 0.013889 
       0        0        0        0        0        0        0        0        0        0        0        0        0        0        0        0        0        0        0        0        0        0        0        0        0        0        0        0        0        0        0        0        0        0 0.006944 0.006944        0        0        0        0 0.013889 0.013889 0.027778 0.027778 0.006944 0.006944 0.055556 0.055556 0.013889 0.013889 
       0        0        0        0        0        0        0        0        0        0        0        0        0        0        0        0        0        0        0        0        0        0        0        0        0        0        0        0        0        0        0        0        0        0 0.006944 0.006944        0        0        0        0 0.013889 0.013889 0.027778 0.027778 0.006944 0.006944 0.055556 0.055556 0.013889 0.013889 
       0        0        0        0        0        0        0        0        0        0        0        0        0        0        0        0        0        0        0        0        0        0        0        0        0        0        0        0        0        0        0        0        0        0        0        0        0        0        0        0        0        0 0.006944 0.006944 0.013889 0.013889 0.013889 0.013889 0.027778 0.027778 
       0        0        0        0        0        0        0        0        0        0        0        0        0        0        0        0        0        0        0        0        0        0        0        0        0        0        0        0        0        0        0        0        0        0        0        0        0        0        0        0        0        0 0.006944 0.006944 0.013889 0.013889 0.013889 0.013889 0.027778 0.027778 
